{
  "advancedEditorSelectedIdentifier" : "ProjectBrowser",
  "openSceneRelativePaths" : [
    "Immersive.usda",
    "Scene.usda",
    "Materials\/GridMaterial.usda",
    "pillars.usda",
    "NewScene.usda"
  ],
  "recentIdentifiers" : {
    "9E2A0ACC-89E6-456E-A159-3F13A0E2220E" : [

    ],
    "AF09ED6F-1707-48FD-8720-65B998362C09" : [

    ],
    "CDC7198F-B60C-4876-A390-68F3373AB385" : [

    ],
    "D66134B1-3681-4A8E-AFE5-29F257229F3B" : [

    ]
  },
  "sceneCameraHistory" : {
    "1FAA342D-3411-430E-BEB6-30C4C409EAA9" : [
      {
        "date" : 740106237.803081,
        "title" : "Untitled",
        "transform" : [
          0.99999994,
          0,
          -0,
          0,
          -0,
          0.8660254,
          -0.49999988,
          0,
          0,
          0.49999988,
          0.8660254,
          0,
          0,
          0.20353882,
          0.35253966,
          1
        ]
      }
    ],
    "9E2A0ACC-89E6-456E-A159-3F13A0E2220E" : [
      {
        "date" : 740349401.460711,
        "title" : "Untitled",
        "transform" : [
          -0.7854948,
          6.121424e-09,
          -0.61886823,
          0,
          0.022622984,
          0.9993317,
          -0.028714085,
          0,
          0.61845464,
          -0.03655542,
          -0.78496975,
          0,
          0.6042767,
          0.037754383,
          -2.4717078,
          1
        ]
      },
      {
        "date" : 740349360.563912,
        "title" : "Untitled",
        "transform" : [
          -0.7854948,
          6.121424e-09,
          -0.61886823,
          0,
          0.022622984,
          0.9993317,
          -0.028714085,
          0,
          0.61845464,
          -0.03655542,
          -0.78496975,
          0,
          0.51748425,
          0.032331713,
          -2.1166956,
          1
        ]
      },
      {
        "date" : 740349349.424597,
        "title" : "Untitled",
        "transform" : [
          -0.857951,
          7.891314e-09,
          -0.5137316,
          0,
          0.05197727,
          0.9948686,
          -0.08680399,
          0,
          0.5110955,
          -0.10117595,
          -0.85354847,
          0,
          0.24248394,
          -0.09611052,
          -2.163608,
          1
        ]
      },
      {
        "date" : 740349341.188391,
        "title" : "Untitled",
        "transform" : [
          0.77636915,
          1.0704224e-08,
          -0.6302785,
          0,
          -0.11705915,
          0.9826016,
          -0.14419198,
          0,
          0.61931264,
          0.18572606,
          0.7628616,
          0,
          0.34528318,
          0.17642754,
          -0.62812483,
          1
        ]
      },
      {
        "date" : 740349337.877519,
        "title" : "Untitled",
        "transform" : [
          0.8702658,
          1.0515393e-08,
          -0.49258253,
          0,
          -0.05409256,
          0.99395216,
          -0.095567524,
          0,
          0.48960343,
          0.1098142,
          0.8650025,
          0,
          0.22206807,
          0.10431627,
          -0.53109765,
          1
        ]
      },
      {
        "date" : 740349271.541777,
        "title" : "Untitled",
        "transform" : [
          0.8702658,
          1.0515393e-08,
          -0.49258253,
          0,
          -0.05409256,
          0.99395216,
          -0.095567524,
          0,
          0.48960343,
          0.1098142,
          0.8650025,
          0,
          0.32830986,
          0.15422325,
          -0.7851854,
          1
        ]
      },
      {
        "date" : 740349217.44576,
        "title" : "Untitled",
        "transform" : [
          0.8702658,
          1.0515393e-08,
          -0.49258253,
          0,
          -0.05409256,
          0.99395216,
          -0.095567524,
          0,
          0.48960343,
          0.1098142,
          0.8650025,
          0,
          0.106486194,
          0.10446998,
          -1.1770902,
          1
        ]
      },
      {
        "date" : 740349215.972876,
        "title" : "Untitled",
        "transform" : [
          0.8702658,
          1.0515393e-08,
          -0.49258253,
          0,
          -0.05409256,
          0.99395216,
          -0.095567524,
          0,
          0.48960343,
          0.1098142,
          0.8650025,
          0,
          0.10793663,
          0.10446831,
          -1.1758474,
          1
        ]
      },
      {
        "date" : 740349152.317948,
        "title" : "Untitled",
        "transform" : [
          0.8702658,
          1.0547468e-08,
          -0.49258256,
          0,
          -0.054092564,
          0.99395216,
          -0.095567524,
          0,
          0.48960346,
          0.1098142,
          0.8650025,
          0,
          0.80921555,
          0.10384541,
          -0.57424426,
          1
        ]
      },
      {
        "date" : 740349150.711984,
        "title" : "Untitled",
        "transform" : [
          0.87026566,
          7.345805e-09,
          -0.49258256,
          0,
          -0.054092564,
          0.9939521,
          -0.09556752,
          0,
          0.48960346,
          0.10981419,
          0.8650024,
          0,
          0.70391667,
          0.08022769,
          -0.7602799,
          1
        ]
      }
    ],
    "A9037D9A-A86E-4C43-B1FA-7FCA511F9468" : [
      {
        "date" : 740342025.111088,
        "title" : "Untitled",
        "transform" : [
          0.99999994,
          0,
          0,
          0,
          0,
          0.8660254,
          -0.49999988,
          0,
          0,
          0.49999988,
          0.8660254,
          0,
          0,
          1.3203353,
          2.2868886,
          1
        ]
      },
      {
        "date" : 740342023.826968,
        "title" : "Untitled",
        "transform" : [
          0.99999994,
          0,
          0,
          0,
          0,
          0.8660254,
          -0.49999988,
          0,
          0,
          0.49999988,
          0.8660254,
          0,
          0,
          1.3323005,
          2.3076131,
          1
        ]
      },
      {
        "date" : 740329749.296276,
        "title" : "Untitled",
        "transform" : [
          0.99999994,
          0,
          -0,
          0,
          -0,
          0.8660254,
          -0.49999988,
          0,
          0,
          0.49999988,
          0.8660254,
          0,
          0,
          0.20353882,
          0.35253966,
          1
        ]
      }
    ],
    "AF09ED6F-1707-48FD-8720-65B998362C09" : [
      {
        "date" : 740349484.759759,
        "title" : "Untitled",
        "transform" : [
          -0.99996066,
          1.6219331e-10,
          -0.008865874,
          0,
          -0.003113765,
          0.9362976,
          0.35119405,
          0,
          0.008301097,
          0.35120788,
          -0.93626076,
          0,
          -0.77357537,
          0.48673776,
          -0.715647,
          1
        ]
      },
      {
        "date" : 740349481.703781,
        "title" : "Untitled",
        "transform" : [
          -0.99996066,
          1.6219331e-10,
          -0.008865874,
          0,
          -0.003113765,
          0.9362976,
          0.35119405,
          0,
          0.008301097,
          0.35120788,
          -0.93626076,
          0,
          -0.7744883,
          0.44810483,
          -0.6126586,
          1
        ]
      },
      {
        "date" : 740349478.654494,
        "title" : "Untitled",
        "transform" : [
          -0.99996066,
          1.6219331e-10,
          -0.008865874,
          0,
          -0.003113765,
          0.9362976,
          0.35119405,
          0,
          0.008301097,
          0.35120788,
          -0.93626076,
          0,
          -0.7744883,
          0.44810483,
          -0.6126586,
          1
        ]
      },
      {
        "date" : 740349473.471978,
        "title" : "Untitled",
        "transform" : [
          -0.99996066,
          1.6219331e-10,
          -0.008865874,
          0,
          -0.003113765,
          0.9362976,
          0.35119405,
          0,
          0.008301097,
          0.35120788,
          -0.93626076,
          0,
          -0.7744105,
          0.42469734,
          -0.6214384,
          1
        ]
      },
      {
        "date" : 740349470.830354,
        "title" : "Untitled",
        "transform" : [
          -0.99996066,
          1.6219331e-10,
          -0.008865874,
          0,
          -0.003113765,
          0.9362976,
          0.35119405,
          0,
          0.008301097,
          0.35120788,
          -0.93626076,
          0,
          -0.7744105,
          0.42469734,
          -0.6214384,
          1
        ]
      },
      {
        "date" : 740349442.980148,
        "title" : "Untitled",
        "transform" : [
          -0.99996066,
          1.6219331e-10,
          -0.008865874,
          0,
          -0.003113765,
          0.9362976,
          0.35119405,
          0,
          0.008301097,
          0.35120788,
          -0.93626076,
          0,
          -0.7541158,
          0.33574912,
          -0.6546243,
          1
        ]
      },
      {
        "date" : 740349437.963578,
        "title" : "Untitled",
        "transform" : [
          -0.9999856,
          -4.4579722e-11,
          -0.00536717,
          0,
          -0.00064535835,
          0.9927447,
          0.12024009,
          0,
          0.005328229,
          0.12024183,
          -0.9927304,
          0,
          -0.7569578,
          0.11494924,
          -0.7086084,
          1
        ]
      },
      {
        "date" : 740349433.589341,
        "title" : "Untitled",
        "transform" : [
          -0.9999856,
          -4.4579722e-11,
          -0.00536717,
          0,
          -0.00064535835,
          0.9927447,
          0.12024009,
          0,
          0.005328229,
          0.12024183,
          -0.9927304,
          0,
          -0.76140726,
          0.014547228,
          0.12032185,
          1
        ]
      },
      {
        "date" : 740349432.115128,
        "title" : "Untitled",
        "transform" : [
          -0.9999856,
          -4.4579722e-11,
          -0.00536717,
          0,
          -0.00064535835,
          0.9927447,
          0.12024009,
          0,
          0.005328229,
          0.12024183,
          -0.9927304,
          0,
          -0.76140726,
          0.014547228,
          0.12032185,
          1
        ]
      },
      {
        "date" : 740348868.874771,
        "title" : "Untitled",
        "transform" : [
          -0.9999856,
          -4.4579722e-11,
          -0.00536717,
          0,
          -0.00064535835,
          0.9927447,
          0.12024009,
          0,
          0.005328229,
          0.12024183,
          -0.9927304,
          0,
          -0.986681,
          0.018851245,
          0.15592086,
          1
        ]
      }
    ],
    "CDC7198F-B60C-4876-A390-68F3373AB385" : [
      {
        "date" : 740271687.820497,
        "title" : "Untitled",
        "transform" : [
          -0.014052464,
          -2.7130473e-05,
          -0.9999013,
          0,
          -0.070416555,
          0.9975173,
          0.0009625539,
          0,
          0.99741876,
          0.07042313,
          -0.014019455,
          0,
          0.14677641,
          0.029989863,
          0.07507436,
          1
        ]
      },
      {
        "date" : 740269139.956469,
        "title" : "Untitled",
        "transform" : [
          -0.014052416,
          -2.7134269e-05,
          -0.9999013,
          0,
          -0.07041655,
          0.9975171,
          0.00096250745,
          0,
          0.99741864,
          0.07042308,
          -0.01401933,
          0,
          0.5837757,
          0.026649224,
          -0.15931016,
          1
        ]
      },
      {
        "date" : 740269138.553962,
        "title" : "Untitled",
        "transform" : [
          -0.12203346,
          -2.7134447e-05,
          -0.992526,
          0,
          -0.11938995,
          0.99273926,
          0.014652098,
          0,
          0.9853192,
          0.12028563,
          -0.12115055,
          0,
          0.56230825,
          0.062792614,
          -0.23609811,
          1
        ]
      },
      {
        "date" : 740269136.254636,
        "title" : "Untitled",
        "transform" : [
          0.2879772,
          -2.7134272e-05,
          -0.9576373,
          0,
          -0.09053513,
          0.99552023,
          -0.027253645,
          0,
          0.95334804,
          0.094548196,
          0.28668475,
          0,
          0.59134233,
          0.044128917,
          0.064090066,
          1
        ]
      },
      {
        "date" : 740269127.375515,
        "title" : "Untitled",
        "transform" : [
          -0.11278743,
          -2.713317e-05,
          -0.99361914,
          0,
          -0.49232185,
          0.8686189,
          0.055860545,
          0,
          0.8630748,
          0.49548066,
          -0.09798254,
          0,
          0.423002,
          0.38101056,
          -0.26742876,
          1
        ]
      },
      {
        "date" : 740269125.264047,
        "title" : "Untitled",
        "transform" : [
          -0.15115453,
          -2.7134249e-05,
          -0.98851013,
          0,
          -0.58064884,
          0.8093007,
          0.08876561,
          0,
          0.79999954,
          0.5873945,
          -0.12234512,
          0,
          0.37835535,
          0.40649426,
          -0.27056697,
          1
        ]
      },
      {
        "date" : 740269119.574133,
        "title" : "Untitled",
        "transform" : [
          -0.20906402,
          -2.7134562e-05,
          -0.97790194,
          0,
          -0.67475814,
          0.72380775,
          0.1442353,
          0,
          0.70780915,
          0.6900016,
          -0.15134038,
          0,
          0.32023966,
          0.43099138,
          -0.27087548,
          1
        ]
      },
      {
        "date" : 740269116.058568,
        "title" : "Untitled",
        "transform" : [
          -0.20906402,
          -2.7134562e-05,
          -0.97790194,
          0,
          -0.67475814,
          0.72380775,
          0.1442353,
          0,
          0.70780915,
          0.6900016,
          -0.15134038,
          0,
          0.028394714,
          0.15577468,
          -0.11087089,
          1
        ]
      },
      {
        "date" : 740269108.57685,
        "title" : "Untitled",
        "transform" : [
          0.9717274,
          -2.7120863e-05,
          -0.23610601,
          0,
          -0.20496239,
          0.49630147,
          -0.84360844,
          0,
          0.11720262,
          0.86815023,
          0.4822642,
          0,
          -0.053975224,
          0.20087212,
          0.0917013,
          1
        ]
      },
      {
        "date" : 740269088.511026,
        "title" : "Untitled",
        "transform" : [
          -0.2049779,
          -2.7135644e-05,
          0.9787667,
          0,
          0.3986918,
          0.9132739,
          0.083521254,
          0,
          -0.8938842,
          0.4073462,
          -0.18719015,
          0,
          -0.09520203,
          0.091638856,
          -0.27187988,
          1
        ]
      }
    ],
    "D66134B1-3681-4A8E-AFE5-29F257229F3B" : [
      {
        "date" : 740341941.469299,
        "title" : "Untitled",
        "transform" : [
          0.52875966,
          3.6437777e-09,
          0.8487716,
          0,
          0.11749356,
          0.99037254,
          -0.07319504,
          0,
          -0.8406,
          0.13842773,
          0.52366894,
          0,
          -1.2318528,
          0.14849874,
          -0.7803709,
          1
        ]
      },
      {
        "date" : 740327006.454184,
        "title" : "Untitled",
        "transform" : [
          -0.8533872,
          3.444411e-09,
          0.5212777,
          0,
          0.4628443,
          0.46002975,
          0.7577254,
          0,
          -0.23980322,
          0.8879035,
          -0.3925835,
          0,
          -0.58734506,
          0.9525024,
          -1.7632852,
          1
        ]
      },
      {
        "date" : 740327004.857569,
        "title" : "Untitled",
        "transform" : [
          -0.8533872,
          3.444411e-09,
          0.5212777,
          0,
          0.4628443,
          0.46002975,
          0.7577254,
          0,
          -0.23980322,
          0.8879035,
          -0.3925835,
          0,
          -0.47218683,
          0.5261132,
          -1.5747584,
          1
        ]
      },
      {
        "date" : 740276686.729309,
        "title" : "Untitled",
        "transform" : [
          -0.8533872,
          3.444411e-09,
          0.5212777,
          0,
          0.4628443,
          0.46002975,
          0.7577254,
          0,
          -0.23980322,
          0.8879035,
          -0.3925835,
          0,
          -0.47842437,
          0.54920834,
          -1.58497,
          1
        ]
      },
      {
        "date" : 740276674.522755,
        "title" : "Untitled",
        "transform" : [
          -0.8533872,
          3.444411e-09,
          0.5212777,
          0,
          0.4628443,
          0.46002975,
          0.7577254,
          0,
          -0.23980322,
          0.8879035,
          -0.3925835,
          0,
          -0.40183482,
          0.26900026,
          -1.4296209,
          1
        ]
      },
      {
        "date" : 740276661.373374,
        "title" : "Untitled",
        "transform" : [
          -0.8889253,
          2.4573371e-08,
          0.45805228,
          0,
          0.28010622,
          0.7912322,
          0.54359186,
          0,
          -0.36242568,
          0.6115158,
          -0.7033464,
          0,
          -0.43567583,
          0.17421831,
          -1.5215849,
          1
        ]
      },
      {
        "date" : 740276557.919493,
        "title" : "Untitled",
        "transform" : [
          -0.88892525,
          2.3089704e-08,
          0.45805228,
          0,
          0.28010622,
          0.7912322,
          0.54359186,
          0,
          -0.36242568,
          0.6115159,
          -0.7033464,
          0,
          -0.44953626,
          0.9757929,
          -2.0528464,
          1
        ]
      },
      {
        "date" : 740274991.885986,
        "title" : "Untitled",
        "transform" : [
          -0.88892525,
          2.3089704e-08,
          0.45805228,
          0,
          0.28010622,
          0.7912322,
          0.54359186,
          0,
          -0.36242568,
          0.6115159,
          -0.7033464,
          0,
          -0.40736467,
          0.88425255,
          -1.8602663,
          1
        ]
      },
      {
        "date" : 740273815.535225,
        "title" : "Untitled",
        "transform" : [
          -0.88892525,
          2.3089704e-08,
          0.45805228,
          0,
          0.28010622,
          0.7912322,
          0.54359186,
          0,
          -0.36242568,
          0.6115159,
          -0.7033464,
          0,
          -0.0073931217,
          0.20938617,
          -1.084055,
          1
        ]
      },
      {
        "date" : 740273813.236588,
        "title" : "Untitled",
        "transform" : [
          -0.88892525,
          2.3089704e-08,
          0.45805228,
          0,
          0.28010622,
          0.7912322,
          0.54359186,
          0,
          -0.36242568,
          0.6115159,
          -0.7033464,
          0,
          -0.025511906,
          0.2642863,
          -1.1049947,
          1
        ]
      }
    ]
  },
  "selectedSceneRelativePath" : "Immersive.usda"
}