{
  "advancedEditorSelectedIdentifier" : "ProjectBrowser",
  "openSceneRelativePaths" : [
    "Immersive.usda",
    "Scene.usda",
    "Materials\/GridMaterial.usda",
    "pillars.usda",
    "NewScene.usda"
  ],
  "recentIdentifiers" : {
    "9E2A0ACC-89E6-456E-A159-3F13A0E2220E" : [

    ],
    "AF09ED6F-1707-48FD-8720-65B998362C09" : [

    ],
    "CDC7198F-B60C-4876-A390-68F3373AB385" : [

    ],
    "D66134B1-3681-4A8E-AFE5-29F257229F3B" : [

    ]
  },
  "sceneCameraHistory" : {
    "1FAA342D-3411-430E-BEB6-30C4C409EAA9" : [
      {
        "date" : 740106237.803081,
        "title" : "Untitled",
        "transform" : [
          0.99999994,
          0,
          -0,
          0,
          -0,
          0.8660254,
          -0.49999988,
          0,
          0,
          0.49999988,
          0.8660254,
          0,
          0,
          0.20353882,
          0.35253966,
          1
        ]
      }
    ],
    "9E2A0ACC-89E6-456E-A159-3F13A0E2220E" : [
      {
        "date" : 740326982.342706,
        "title" : "Untitled",
        "transform" : [
          0.99951655,
          -1.88488e-10,
          -0.031086741,
          0,
          -0.010985265,
          0.93548197,
          -0.35320354,
          0,
          0.029081093,
          0.35337427,
          0.93502986,
          0,
          0.26229382,
          1.9046303,
          2.5780776,
          1
        ]
      },
      {
        "date" : 740276781.669515,
        "title" : "Untitled",
        "transform" : [
          0.9988625,
          -2.0109953e-10,
          -0.04768187,
          0,
          -0.04578971,
          0.27891138,
          -0.9592245,
          0,
          0.013299021,
          0.96031684,
          0.2785942,
          0,
          0.18316832,
          3.2107573,
          0.019650936,
          1
        ]
      },
      {
        "date" : 740276779.213309,
        "title" : "Untitled",
        "transform" : [
          0.9988625,
          -2.0109953e-10,
          -0.04768187,
          0,
          -0.04578971,
          0.27891138,
          -0.9592245,
          0,
          0.013299021,
          0.96031684,
          0.2785942,
          0,
          0.18316835,
          3.2107573,
          0.019650936,
          1
        ]
      },
      {
        "date" : 740276767.883989,
        "title" : "Untitled",
        "transform" : [
          0.99999315,
          -2.0101155e-10,
          0.0036968892,
          0,
          0.0035239307,
          0.30229473,
          -0.953208,
          0,
          -0.00111755,
          0.9532145,
          0.3022927,
          0,
          0.11356112,
          3.1765687,
          0.12419438,
          1
        ]
      },
      {
        "date" : 740276744.782907,
        "title" : "Untitled",
        "transform" : [
          1,
          0,
          -0,
          0,
          -0,
          0.852895,
          -0.52208245,
          0,
          0,
          0.52208245,
          0.852895,
          0,
          0.11780857,
          1.6474593,
          1.9234663,
          1
        ]
      }
    ],
    "A9037D9A-A86E-4C43-B1FA-7FCA511F9468" : [
      {
        "date" : 740342025.111088,
        "title" : "Untitled",
        "transform" : [
          0.99999994,
          0,
          0,
          0,
          0,
          0.8660254,
          -0.49999988,
          0,
          0,
          0.49999988,
          0.8660254,
          0,
          0,
          1.3203353,
          2.2868886,
          1
        ]
      },
      {
        "date" : 740342023.826968,
        "title" : "Untitled",
        "transform" : [
          0.99999994,
          0,
          0,
          0,
          0,
          0.8660254,
          -0.49999988,
          0,
          0,
          0.49999988,
          0.8660254,
          0,
          0,
          1.3323005,
          2.3076131,
          1
        ]
      },
      {
        "date" : 740329749.296276,
        "title" : "Untitled",
        "transform" : [
          0.99999994,
          0,
          -0,
          0,
          -0,
          0.8660254,
          -0.49999988,
          0,
          0,
          0.49999988,
          0.8660254,
          0,
          0,
          0.20353882,
          0.35253966,
          1
        ]
      }
    ],
    "AF09ED6F-1707-48FD-8720-65B998362C09" : [
      {
        "date" : 740272611.382316,
        "title" : "Untitled",
        "transform" : [
          0.98304045,
          -7.8423756e-10,
          0.18338864,
          0,
          -0.042339034,
          0.97298455,
          0.22695512,
          0,
          -0.17843425,
          -0.23087054,
          0.9564832,
          0,
          -1.2840371,
          1.3619242,
          5.730938,
          1
        ]
      },
      {
        "date" : 740272607.26277,
        "title" : "Untitled",
        "transform" : [
          0.9598388,
          -3.9881165e-10,
          0.28055242,
          0,
          -0.070921876,
          0.96752024,
          0.24264118,
          0,
          -0.27144006,
          -0.25279367,
          0.9286634,
          0,
          -4.1846333,
          0.66297054,
          4.573387,
          1
        ]
      },
      {
        "date" : 740272598.240214,
        "title" : "Untitled",
        "transform" : [
          0.9658622,
          8.4248136e-10,
          0.25905654,
          0,
          -0.09330422,
          0.93288696,
          0.3478739,
          0,
          -0.24167041,
          -0.36016926,
          0.9010402,
          0,
          -3.1833398,
          -2.7429879,
          3.493766,
          1
        ]
      },
      {
        "date" : 740272593.349255,
        "title" : "Untitled",
        "transform" : [
          0.9658622,
          8.4248136e-10,
          0.25905654,
          0,
          -0.09330422,
          0.93288696,
          0.3478739,
          0,
          -0.24167041,
          -0.36016926,
          0.9010402,
          0,
          -1.5694313,
          -0.48551273,
          -1.0837555,
          1
        ]
      },
      {
        "date" : 740272582.26268,
        "title" : "Untitled",
        "transform" : [
          0.97946,
          1.1549803e-09,
          0.20163877,
          0,
          -0.06659721,
          0.9438831,
          0.3234958,
          0,
          -0.1903234,
          -0.3302797,
          0.9244957,
          0,
          -0.25278616,
          0.30434132,
          -0.2940178,
          1
        ]
      },
      {
        "date" : 740272573.760389,
        "title" : "Untitled",
        "transform" : [
          0.97449726,
          1.0124401e-09,
          0.22439927,
          0,
          -0.07604381,
          0.9408306,
          0.330235,
          0,
          -0.21112165,
          -0.33887723,
          0.91683686,
          0,
          -0.8090788,
          0.07631888,
          -0.47566754,
          1
        ]
      },
      {
        "date" : 740271105.172607,
        "title" : "Untitled",
        "transform" : [
          0.97449726,
          1.0124401e-09,
          0.22439927,
          0,
          -0.07604381,
          0.9408306,
          0.330235,
          0,
          -0.21112165,
          -0.33887723,
          0.91683686,
          0,
          -1.6859791,
          0.15903524,
          -0.9912082,
          1
        ]
      },
      {
        "date" : 740271100.621082,
        "title" : "Untitled",
        "transform" : [
          0.97449726,
          1.0124401e-09,
          0.22439927,
          0,
          -0.07604381,
          0.9408306,
          0.330235,
          0,
          -0.21112165,
          -0.33887723,
          0.91683686,
          0,
          -1.6811064,
          0.15903525,
          -0.9900862,
          1
        ]
      },
      {
        "date" : 740271098.79609,
        "title" : "Untitled",
        "transform" : [
          0.97449726,
          1.0124401e-09,
          0.22439927,
          0,
          -0.07604381,
          0.9408306,
          0.330235,
          0,
          -0.21112165,
          -0.33887723,
          0.91683686,
          0,
          -1.8422779,
          0.1637394,
          -1.025461,
          1
        ]
      },
      {
        "date" : 740271096.710695,
        "title" : "Untitled",
        "transform" : [
          0.97449726,
          1.0124401e-09,
          0.22439927,
          0,
          -0.07604381,
          0.9408306,
          0.330235,
          0,
          -0.21112165,
          -0.33887723,
          0.91683686,
          0,
          -1.9445993,
          0.1637394,
          -1.0490229,
          1
        ]
      }
    ],
    "CDC7198F-B60C-4876-A390-68F3373AB385" : [
      {
        "date" : 740271687.820497,
        "title" : "Untitled",
        "transform" : [
          -0.014052464,
          -2.7130473e-05,
          -0.9999013,
          0,
          -0.070416555,
          0.9975173,
          0.0009625539,
          0,
          0.99741876,
          0.07042313,
          -0.014019455,
          0,
          0.14677641,
          0.029989863,
          0.07507436,
          1
        ]
      },
      {
        "date" : 740269139.956469,
        "title" : "Untitled",
        "transform" : [
          -0.014052416,
          -2.7134269e-05,
          -0.9999013,
          0,
          -0.07041655,
          0.9975171,
          0.00096250745,
          0,
          0.99741864,
          0.07042308,
          -0.01401933,
          0,
          0.5837757,
          0.026649224,
          -0.15931016,
          1
        ]
      },
      {
        "date" : 740269138.553962,
        "title" : "Untitled",
        "transform" : [
          -0.12203346,
          -2.7134447e-05,
          -0.992526,
          0,
          -0.11938995,
          0.99273926,
          0.014652098,
          0,
          0.9853192,
          0.12028563,
          -0.12115055,
          0,
          0.56230825,
          0.062792614,
          -0.23609811,
          1
        ]
      },
      {
        "date" : 740269136.254636,
        "title" : "Untitled",
        "transform" : [
          0.2879772,
          -2.7134272e-05,
          -0.9576373,
          0,
          -0.09053513,
          0.99552023,
          -0.027253645,
          0,
          0.95334804,
          0.094548196,
          0.28668475,
          0,
          0.59134233,
          0.044128917,
          0.064090066,
          1
        ]
      },
      {
        "date" : 740269127.375515,
        "title" : "Untitled",
        "transform" : [
          -0.11278743,
          -2.713317e-05,
          -0.99361914,
          0,
          -0.49232185,
          0.8686189,
          0.055860545,
          0,
          0.8630748,
          0.49548066,
          -0.09798254,
          0,
          0.423002,
          0.38101056,
          -0.26742876,
          1
        ]
      },
      {
        "date" : 740269125.264047,
        "title" : "Untitled",
        "transform" : [
          -0.15115453,
          -2.7134249e-05,
          -0.98851013,
          0,
          -0.58064884,
          0.8093007,
          0.08876561,
          0,
          0.79999954,
          0.5873945,
          -0.12234512,
          0,
          0.37835535,
          0.40649426,
          -0.27056697,
          1
        ]
      },
      {
        "date" : 740269119.574133,
        "title" : "Untitled",
        "transform" : [
          -0.20906402,
          -2.7134562e-05,
          -0.97790194,
          0,
          -0.67475814,
          0.72380775,
          0.1442353,
          0,
          0.70780915,
          0.6900016,
          -0.15134038,
          0,
          0.32023966,
          0.43099138,
          -0.27087548,
          1
        ]
      },
      {
        "date" : 740269116.058568,
        "title" : "Untitled",
        "transform" : [
          -0.20906402,
          -2.7134562e-05,
          -0.97790194,
          0,
          -0.67475814,
          0.72380775,
          0.1442353,
          0,
          0.70780915,
          0.6900016,
          -0.15134038,
          0,
          0.028394714,
          0.15577468,
          -0.11087089,
          1
        ]
      },
      {
        "date" : 740269108.57685,
        "title" : "Untitled",
        "transform" : [
          0.9717274,
          -2.7120863e-05,
          -0.23610601,
          0,
          -0.20496239,
          0.49630147,
          -0.84360844,
          0,
          0.11720262,
          0.86815023,
          0.4822642,
          0,
          -0.053975224,
          0.20087212,
          0.0917013,
          1
        ]
      },
      {
        "date" : 740269088.511026,
        "title" : "Untitled",
        "transform" : [
          -0.2049779,
          -2.7135644e-05,
          0.9787667,
          0,
          0.3986918,
          0.9132739,
          0.083521254,
          0,
          -0.8938842,
          0.4073462,
          -0.18719015,
          0,
          -0.09520203,
          0.091638856,
          -0.27187988,
          1
        ]
      }
    ],
    "D66134B1-3681-4A8E-AFE5-29F257229F3B" : [
      {
        "date" : 740341941.469299,
        "title" : "Untitled",
        "transform" : [
          0.52875966,
          3.6437777e-09,
          0.8487716,
          0,
          0.11749356,
          0.99037254,
          -0.07319504,
          0,
          -0.8406,
          0.13842773,
          0.52366894,
          0,
          -1.2318528,
          0.14849874,
          -0.7803709,
          1
        ]
      },
      {
        "date" : 740327006.454184,
        "title" : "Untitled",
        "transform" : [
          -0.8533872,
          3.444411e-09,
          0.5212777,
          0,
          0.4628443,
          0.46002975,
          0.7577254,
          0,
          -0.23980322,
          0.8879035,
          -0.3925835,
          0,
          -0.58734506,
          0.9525024,
          -1.7632852,
          1
        ]
      },
      {
        "date" : 740327004.857569,
        "title" : "Untitled",
        "transform" : [
          -0.8533872,
          3.444411e-09,
          0.5212777,
          0,
          0.4628443,
          0.46002975,
          0.7577254,
          0,
          -0.23980322,
          0.8879035,
          -0.3925835,
          0,
          -0.47218683,
          0.5261132,
          -1.5747584,
          1
        ]
      },
      {
        "date" : 740276686.729309,
        "title" : "Untitled",
        "transform" : [
          -0.8533872,
          3.444411e-09,
          0.5212777,
          0,
          0.4628443,
          0.46002975,
          0.7577254,
          0,
          -0.23980322,
          0.8879035,
          -0.3925835,
          0,
          -0.47842437,
          0.54920834,
          -1.58497,
          1
        ]
      },
      {
        "date" : 740276674.522755,
        "title" : "Untitled",
        "transform" : [
          -0.8533872,
          3.444411e-09,
          0.5212777,
          0,
          0.4628443,
          0.46002975,
          0.7577254,
          0,
          -0.23980322,
          0.8879035,
          -0.3925835,
          0,
          -0.40183482,
          0.26900026,
          -1.4296209,
          1
        ]
      },
      {
        "date" : 740276661.373374,
        "title" : "Untitled",
        "transform" : [
          -0.8889253,
          2.4573371e-08,
          0.45805228,
          0,
          0.28010622,
          0.7912322,
          0.54359186,
          0,
          -0.36242568,
          0.6115158,
          -0.7033464,
          0,
          -0.43567583,
          0.17421831,
          -1.5215849,
          1
        ]
      },
      {
        "date" : 740276557.919493,
        "title" : "Untitled",
        "transform" : [
          -0.88892525,
          2.3089704e-08,
          0.45805228,
          0,
          0.28010622,
          0.7912322,
          0.54359186,
          0,
          -0.36242568,
          0.6115159,
          -0.7033464,
          0,
          -0.44953626,
          0.9757929,
          -2.0528464,
          1
        ]
      },
      {
        "date" : 740274991.885986,
        "title" : "Untitled",
        "transform" : [
          -0.88892525,
          2.3089704e-08,
          0.45805228,
          0,
          0.28010622,
          0.7912322,
          0.54359186,
          0,
          -0.36242568,
          0.6115159,
          -0.7033464,
          0,
          -0.40736467,
          0.88425255,
          -1.8602663,
          1
        ]
      },
      {
        "date" : 740273815.535225,
        "title" : "Untitled",
        "transform" : [
          -0.88892525,
          2.3089704e-08,
          0.45805228,
          0,
          0.28010622,
          0.7912322,
          0.54359186,
          0,
          -0.36242568,
          0.6115159,
          -0.7033464,
          0,
          -0.0073931217,
          0.20938617,
          -1.084055,
          1
        ]
      },
      {
        "date" : 740273813.236588,
        "title" : "Untitled",
        "transform" : [
          -0.88892525,
          2.3089704e-08,
          0.45805228,
          0,
          0.28010622,
          0.7912322,
          0.54359186,
          0,
          -0.36242568,
          0.6115159,
          -0.7033464,
          0,
          -0.025511906,
          0.2642863,
          -1.1049947,
          1
        ]
      }
    ]
  },
  "selectedSceneRelativePath" : "NewScene.usda"
}