{
  "advancedEditorSelectedIdentifier" : "ProjectBrowser",
  "openSceneRelativePaths" : [
    "Immersive.usda",
    "Scene.usda",
    "Materials\/GridMaterial.usda",
    "pillar_a1.usda",
    "pillar_a2.usda"
  ],
  "recentIdentifiers" : {
    "9E2A0ACC-89E6-456E-A159-3F13A0E2220E" : [

    ],
    "AF09ED6F-1707-48FD-8720-65B998362C09" : [

    ],
    "CDC7198F-B60C-4876-A390-68F3373AB385" : [

    ],
    "D66134B1-3681-4A8E-AFE5-29F257229F3B" : [

    ]
  },
  "sceneCameraHistory" : {
    "1FAA342D-3411-430E-BEB6-30C4C409EAA9" : [
      {
        "date" : 740106237.803081,
        "title" : "Untitled",
        "transform" : [
          0.99999994,
          0,
          -0,
          0,
          -0,
          0.8660254,
          -0.49999988,
          0,
          0,
          0.49999988,
          0.8660254,
          0,
          0,
          0.20353882,
          0.35253966,
          1
        ]
      }
    ],
    "4BD87996-6495-4A35-9F74-88BF142D5B08" : [
      {
        "date" : 740377386.229737,
        "title" : "Untitled",
        "transform" : [
          0.9833825,
          7.366827e-10,
          0.18154505,
          0,
          0.09843226,
          0.8402546,
          -0.5331821,
          0,
          -0.1525441,
          0.54219186,
          0.82629186,
          0,
          -0.023911402,
          0.3663565,
          0.3518932,
          1
        ]
      },
      {
        "date" : 740377383.81266,
        "title" : "Untitled",
        "transform" : [
          0.99999994,
          0,
          0,
          0,
          0,
          0.8878121,
          -0.46020603,
          0,
          0,
          0.46020603,
          0.8878121,
          0,
          0.16992904,
          0.26185802,
          0.43676364,
          1
        ]
      },
      {
        "date" : 740377366.334322,
        "title" : "Untitled",
        "transform" : [
          0.99999994,
          0,
          -0,
          0,
          -0,
          0.8878121,
          -0.46020603,
          0,
          0,
          0.46020603,
          0.8878121,
          0,
          0.16992904,
          1.0038986,
          1.7220366,
          1
        ]
      }
    ],
    "8D08A4DE-E37F-4962-BE7E-0D3245240DF6" : [
      {
        "date" : 740373695.313733,
        "title" : "Untitled",
        "transform" : [
          1,
          0,
          -0,
          0,
          -0,
          0.88836455,
          -0.4591388,
          0,
          0,
          0.4591388,
          0.88836455,
          0,
          -0.08098069,
          0.95377696,
          1.3152274,
          1
        ]
      }
    ],
    "9E2A0ACC-89E6-456E-A159-3F13A0E2220E" : [
      {
        "date" : 740374388.093681,
        "title" : "Untitled",
        "transform" : [
          -0.98151094,
          8.5148955e-10,
          -0.19140577,
          0,
          -0.054282613,
          0.9589428,
          0.278356,
          0,
          0.1835472,
          0.2835995,
          -0.94121295,
          0,
          -0.026273925,
          0.3571265,
          -0.45235628,
          1
        ]
      },
      {
        "date" : 740374368.740079,
        "title" : "Untitled",
        "transform" : [
          -0.98151094,
          8.5148955e-10,
          -0.19140577,
          0,
          -0.054282613,
          0.9589428,
          0.278356,
          0,
          0.1835472,
          0.2835995,
          -0.94121295,
          0,
          0.14567827,
          0.6231022,
          -1.3339531,
          1
        ]
      },
      {
        "date" : 740374348.827258,
        "title" : "Untitled",
        "transform" : [
          -0.98151094,
          8.5148955e-10,
          -0.19140577,
          0,
          -0.054282613,
          0.9589428,
          0.278356,
          0,
          0.1835472,
          0.2835995,
          -0.94121295,
          0,
          0.40073684,
          1.0171944,
          -2.64187,
          1
        ]
      },
      {
        "date" : 740374326.110999,
        "title" : "Untitled",
        "transform" : [
          -0.98151094,
          8.5148955e-10,
          -0.19140577,
          0,
          -0.054282613,
          0.9589428,
          0.278356,
          0,
          0.1835472,
          0.2835995,
          -0.94121295,
          0,
          0.67815715,
          1.4458569,
          -4.0645094,
          1
        ]
      },
      {
        "date" : 740374319.527308,
        "title" : "Untitled",
        "transform" : [
          -0.98151094,
          8.5148955e-10,
          -0.19140577,
          0,
          -0.054282613,
          0.9589428,
          0.278356,
          0,
          0.1835472,
          0.2835995,
          -0.94121295,
          0,
          0.08903551,
          0.46751693,
          -1.1437707,
          1
        ]
      },
      {
        "date" : 740374302.140672,
        "title" : "Untitled",
        "transform" : [
          -0.98151094,
          8.5148955e-10,
          -0.19140577,
          0,
          -0.054282613,
          0.9589428,
          0.278356,
          0,
          0.1835472,
          0.2835995,
          -0.94121295,
          0,
          -0.056072533,
          0.18473993,
          -0.28422916,
          1
        ]
      },
      {
        "date" : 740374297.63276,
        "title" : "Untitled",
        "transform" : [
          -0.99416614,
          1.0263702e-09,
          -0.10785928,
          0,
          -0.03360041,
          0.9502394,
          0.30970305,
          0,
          0.102492146,
          0.31152046,
          -0.9446959,
          0,
          -0.10887273,
          0.20292798,
          -0.28649807,
          1
        ]
      },
      {
        "date" : 740374295.597989,
        "title" : "Untitled",
        "transform" : [
          -0.994166,
          1.0263701e-09,
          -0.10785927,
          0,
          -0.03360041,
          0.9502394,
          0.30970305,
          0,
          0.102492146,
          0.31152046,
          -0.9446959,
          0,
          -0.112249315,
          0.19266492,
          -0.25537503,
          1
        ]
      },
      {
        "date" : 740374290.403238,
        "title" : "Untitled",
        "transform" : [
          -0.8565369,
          -1.2860042e-09,
          -0.5160854,
          0,
          0.48965034,
          0.31594428,
          -0.8126632,
          0,
          0.16305427,
          -0.9487776,
          -0.27061802,
          0,
          -0.074793674,
          -0.5867873,
          0.16151959,
          1
        ]
      },
      {
        "date" : 740374287.62408,
        "title" : "Untitled",
        "transform" : [
          -0.9587281,
          4.1593795e-09,
          -0.2843245,
          0,
          -0.14607376,
          0.85793555,
          0.4925535,
          0,
          0.24393214,
          0.5137573,
          -0.82252705,
          0,
          -0.024773419,
          0.3177417,
          -0.17981768,
          1
        ]
      }
    ],
    "446BD36C-0868-445A-8740-49A74949F90A" : [
      {
        "date" : 740376231.57172,
        "title" : "Untitled",
        "transform" : [
          0.98937744,
          1.230648e-09,
          0.14536956,
          0,
          0.065830216,
          0.891588,
          -0.44803694,
          0,
          -0.12960975,
          0.4528474,
          0.88211703,
          0,
          -0.21118475,
          1.0914948,
          1.8957497,
          1
        ]
      },
      {
        "date" : 740376229.644949,
        "title" : "Untitled",
        "transform" : [
          0.9968329,
          -8.319383e-10,
          0.07952461,
          0,
          0.04831767,
          0.7942573,
          -0.60565716,
          0,
          -0.063163005,
          0.60758144,
          0.79174185,
          0,
          -0.013581494,
          1.5439254,
          1.6021955,
          1
        ]
      },
      {
        "date" : 740376227.188073,
        "title" : "Untitled",
        "transform" : [
          0.9968328,
          -8.319382e-10,
          0.0795246,
          0,
          0.04831767,
          0.7942573,
          -0.60565716,
          0,
          -0.063163005,
          0.60758144,
          0.79174185,
          0,
          0.0521883,
          0.8496133,
          0.7777779,
          1
        ]
      },
      {
        "date" : 740376169.66833,
        "title" : "Untitled",
        "transform" : [
          0.99999994,
          0,
          0,
          0,
          0,
          0.8878121,
          -0.46020603,
          0,
          0,
          0.46020603,
          0.8878121,
          0,
          0.16992904,
          0.5732125,
          0.97605395,
          1
        ]
      },
      {
        "date" : 740376163.486786,
        "title" : "Untitled",
        "transform" : [
          0.99999994,
          0,
          -0,
          0,
          -0,
          0.8878121,
          -0.46020603,
          0,
          0,
          0.46020603,
          0.8878121,
          0,
          0.16992904,
          1.0038986,
          1.7220366,
          1
        ]
      }
    ],
    "A9037D9A-A86E-4C43-B1FA-7FCA511F9468" : [
      {
        "date" : 740342025.111088,
        "title" : "Untitled",
        "transform" : [
          0.99999994,
          0,
          0,
          0,
          0,
          0.8660254,
          -0.49999988,
          0,
          0,
          0.49999988,
          0.8660254,
          0,
          0,
          1.3203353,
          2.2868886,
          1
        ]
      },
      {
        "date" : 740342023.826968,
        "title" : "Untitled",
        "transform" : [
          0.99999994,
          0,
          0,
          0,
          0,
          0.8660254,
          -0.49999988,
          0,
          0,
          0.49999988,
          0.8660254,
          0,
          0,
          1.3323005,
          2.3076131,
          1
        ]
      },
      {
        "date" : 740329749.296276,
        "title" : "Untitled",
        "transform" : [
          0.99999994,
          0,
          -0,
          0,
          -0,
          0.8660254,
          -0.49999988,
          0,
          0,
          0.49999988,
          0.8660254,
          0,
          0,
          0.20353882,
          0.35253966,
          1
        ]
      }
    ],
    "AC029FDD-7692-4E86-8140-580F0B4C0462" : [
      {
        "date" : 740373458.209888,
        "title" : "Untitled",
        "transform" : [
          1,
          0,
          -0,
          0,
          -0,
          0.88836455,
          -0.4591388,
          0,
          0,
          0.4591388,
          0.88836455,
          0,
          -0.08098069,
          0.95377696,
          1.3152274,
          1
        ]
      }
    ],
    "AF09ED6F-1707-48FD-8720-65B998362C09" : [
      {
        "date" : 740487380.732212,
        "title" : "Untitled",
        "transform" : [
          0.65635014,
          2.2422967e-08,
          -0.75445634,
          0,
          -0.75399673,
          0.03489972,
          -0.65595037,
          0,
          0.026330175,
          0.9993909,
          0.022906307,
          0,
          0.7644739,
          4.103618,
          1.7963254,
          1
        ]
      },
      {
        "date" : 740487361.350903,
        "title" : "Untitled",
        "transform" : [
          0.7904951,
          1.4257373e-08,
          -0.6124685,
          0,
          -0.49038228,
          0.5991115,
          -0.6329222,
          0,
          0.36693677,
          0.8006656,
          0.4735945,
          0,
          1.0183816,
          1.5743178,
          2.7942145,
          1
        ]
      },
      {
        "date" : 740487352.249027,
        "title" : "Untitled",
        "transform" : [
          0.8451218,
          1.1688364e-08,
          -0.53457385,
          0,
          -0.49734482,
          0.3666531,
          -0.78626555,
          0,
          0.19600305,
          0.93035775,
          0.30986625,
          0,
          0.21586436,
          2.681693,
          2.3330665,
          1
        ]
      },
      {
        "date" : 740485554.364507,
        "title" : "Untitled",
        "transform" : [
          0.8743859,
          5.6320344e-09,
          -0.48523125,
          0,
          -0.47674683,
          0.1861839,
          -0.8590972,
          0,
          0.09034213,
          0.9825149,
          0.16279627,
          0,
          -0.2803743,
          3.3295376,
          1.882476,
          1
        ]
      },
      {
        "date" : 740485535.964142,
        "title" : "Untitled",
        "transform" : [
          0.8706969,
          9.085204e-09,
          -0.49182,
          0,
          -0.47373116,
          0.26871127,
          -0.83867335,
          0,
          0.13215746,
          0.96322083,
          0.23396578,
          0,
          -0.09410301,
          3.2517188,
          2.2009897,
          1
        ]
      },
      {
        "date" : 740485528.02463,
        "title" : "Untitled",
        "transform" : [
          0.5750713,
          5.9392136e-09,
          -0.8181033,
          0,
          -0.7141581,
          0.4878209,
          -0.5020049,
          0,
          0.3990877,
          0.87294394,
          0.2805316,
          0,
          0.8113346,
          3.0986042,
          2.7796257,
          1
        ]
      },
      {
        "date" : 740485259.894921,
        "title" : "Untitled",
        "transform" : [
          -0.014559167,
          2.7461324e-09,
          -0.99989396,
          0,
          -0.7743185,
          0.63269556,
          0.011274565,
          0,
          0.63262826,
          0.77440083,
          -0.009211564,
          0,
          3.0058863,
          2.2893429,
          0.48547578,
          1
        ]
      },
      {
        "date" : 740485207.035003,
        "title" : "Untitled",
        "transform" : [
          -0.031162841,
          2.7674136e-09,
          -0.9995143,
          0,
          -0.7578681,
          0.65197974,
          0.023628736,
          0,
          0.6516629,
          0.7582366,
          -0.02031758,
          0,
          3.0589807,
          2.130607,
          0.37947318,
          1
        ]
      },
      {
        "date" : 740485117.688877,
        "title" : "Untitled",
        "transform" : [
          0.00468367,
          2.7619838e-09,
          -0.999989,
          0,
          -0.7864178,
          0.617684,
          -0.003683429,
          0,
          0.617677,
          0.7864266,
          0.002892983,
          0,
          2.9458492,
          2.2636852,
          0.48841816,
          1
        ]
      },
      {
        "date" : 740484492.117193,
        "title" : "Untitled",
        "transform" : [
          0.00468367,
          2.7619838e-09,
          -0.999989,
          0,
          -0.7864178,
          0.617684,
          -0.003683429,
          0,
          0.617677,
          0.7864266,
          0.002892983,
          0,
          2.9458492,
          2.2636852,
          0.48841816,
          1
        ]
      }
    ],
    "CDC7198F-B60C-4876-A390-68F3373AB385" : [
      {
        "date" : 740371899.218974,
        "title" : "Untitled",
        "transform" : [
          -0.014052464,
          -2.7130473e-05,
          -0.9999013,
          0,
          -0.070416555,
          0.9975173,
          0.0009625539,
          0,
          0.99741876,
          0.07042313,
          -0.014019455,
          0,
          1.3637382,
          0.24169828,
          0.48178792,
          1
        ]
      },
      {
        "date" : 740371833.208801,
        "title" : "Untitled",
        "transform" : [
          -0.014052464,
          -2.7130473e-05,
          -0.9999013,
          0,
          -0.070416555,
          0.9975173,
          0.0009625539,
          0,
          0.99741876,
          0.07042313,
          -0.014019455,
          0,
          0.4718807,
          0.09641628,
          0.24136126,
          1
        ]
      },
      {
        "date" : 740371831.250415,
        "title" : "Untitled",
        "transform" : [
          -0.014052464,
          -2.7130473e-05,
          -0.9999013,
          0,
          -0.070416555,
          0.9975173,
          0.0009625539,
          0,
          0.99741876,
          0.07042313,
          -0.014019455,
          0,
          0.32519424,
          0.06644481,
          0.16633292,
          1
        ]
      },
      {
        "date" : 740271687.820497,
        "title" : "Untitled",
        "transform" : [
          -0.014052464,
          -2.7130473e-05,
          -0.9999013,
          0,
          -0.070416555,
          0.9975173,
          0.0009625539,
          0,
          0.99741876,
          0.07042313,
          -0.014019455,
          0,
          0.14677641,
          0.029989863,
          0.07507436,
          1
        ]
      },
      {
        "date" : 740269139.956469,
        "title" : "Untitled",
        "transform" : [
          -0.014052416,
          -2.7134269e-05,
          -0.9999013,
          0,
          -0.07041655,
          0.9975171,
          0.00096250745,
          0,
          0.99741864,
          0.07042308,
          -0.01401933,
          0,
          0.5837757,
          0.026649224,
          -0.15931016,
          1
        ]
      },
      {
        "date" : 740269138.553962,
        "title" : "Untitled",
        "transform" : [
          -0.12203346,
          -2.7134447e-05,
          -0.992526,
          0,
          -0.11938995,
          0.99273926,
          0.014652098,
          0,
          0.9853192,
          0.12028563,
          -0.12115055,
          0,
          0.56230825,
          0.062792614,
          -0.23609811,
          1
        ]
      },
      {
        "date" : 740269136.254636,
        "title" : "Untitled",
        "transform" : [
          0.2879772,
          -2.7134272e-05,
          -0.9576373,
          0,
          -0.09053513,
          0.99552023,
          -0.027253645,
          0,
          0.95334804,
          0.094548196,
          0.28668475,
          0,
          0.59134233,
          0.044128917,
          0.064090066,
          1
        ]
      },
      {
        "date" : 740269127.375515,
        "title" : "Untitled",
        "transform" : [
          -0.11278743,
          -2.713317e-05,
          -0.99361914,
          0,
          -0.49232185,
          0.8686189,
          0.055860545,
          0,
          0.8630748,
          0.49548066,
          -0.09798254,
          0,
          0.423002,
          0.38101056,
          -0.26742876,
          1
        ]
      },
      {
        "date" : 740269125.264047,
        "title" : "Untitled",
        "transform" : [
          -0.15115453,
          -2.7134249e-05,
          -0.98851013,
          0,
          -0.58064884,
          0.8093007,
          0.08876561,
          0,
          0.79999954,
          0.5873945,
          -0.12234512,
          0,
          0.37835535,
          0.40649426,
          -0.27056697,
          1
        ]
      },
      {
        "date" : 740269119.574133,
        "title" : "Untitled",
        "transform" : [
          -0.20906402,
          -2.7134562e-05,
          -0.97790194,
          0,
          -0.67475814,
          0.72380775,
          0.1442353,
          0,
          0.70780915,
          0.6900016,
          -0.15134038,
          0,
          0.32023966,
          0.43099138,
          -0.27087548,
          1
        ]
      }
    ],
    "D66134B1-3681-4A8E-AFE5-29F257229F3B" : [
      {
        "date" : 740377421.687155,
        "title" : "Untitled",
        "transform" : [
          0.52875966,
          3.6437777e-09,
          0.8487716,
          0,
          0.11749356,
          0.99037254,
          -0.07319504,
          0,
          -0.84060013,
          0.13842775,
          0.523669,
          0,
          -1.6474814,
          0.19860242,
          -1.043669,
          1
        ]
      },
      {
        "date" : 740373292.956298,
        "title" : "Untitled",
        "transform" : [
          0.52875966,
          3.6437777e-09,
          0.8487716,
          0,
          0.11749356,
          0.99037254,
          -0.07319504,
          0,
          -0.84060013,
          0.13842775,
          0.523669,
          0,
          -2.9548867,
          0.35620895,
          -1.871902,
          1
        ]
      },
      {
        "date" : 740341941.469299,
        "title" : "Untitled",
        "transform" : [
          0.52875966,
          3.6437777e-09,
          0.8487716,
          0,
          0.11749356,
          0.99037254,
          -0.07319504,
          0,
          -0.8406,
          0.13842773,
          0.52366894,
          0,
          -1.2318528,
          0.14849874,
          -0.7803709,
          1
        ]
      },
      {
        "date" : 740327006.454184,
        "title" : "Untitled",
        "transform" : [
          -0.8533872,
          3.444411e-09,
          0.5212777,
          0,
          0.4628443,
          0.46002975,
          0.7577254,
          0,
          -0.23980322,
          0.8879035,
          -0.3925835,
          0,
          -0.58734506,
          0.9525024,
          -1.7632852,
          1
        ]
      },
      {
        "date" : 740327004.857569,
        "title" : "Untitled",
        "transform" : [
          -0.8533872,
          3.444411e-09,
          0.5212777,
          0,
          0.4628443,
          0.46002975,
          0.7577254,
          0,
          -0.23980322,
          0.8879035,
          -0.3925835,
          0,
          -0.47218683,
          0.5261132,
          -1.5747584,
          1
        ]
      },
      {
        "date" : 740276686.729309,
        "title" : "Untitled",
        "transform" : [
          -0.8533872,
          3.444411e-09,
          0.5212777,
          0,
          0.4628443,
          0.46002975,
          0.7577254,
          0,
          -0.23980322,
          0.8879035,
          -0.3925835,
          0,
          -0.47842437,
          0.54920834,
          -1.58497,
          1
        ]
      },
      {
        "date" : 740276674.522755,
        "title" : "Untitled",
        "transform" : [
          -0.8533872,
          3.444411e-09,
          0.5212777,
          0,
          0.4628443,
          0.46002975,
          0.7577254,
          0,
          -0.23980322,
          0.8879035,
          -0.3925835,
          0,
          -0.40183482,
          0.26900026,
          -1.4296209,
          1
        ]
      },
      {
        "date" : 740276661.373374,
        "title" : "Untitled",
        "transform" : [
          -0.8889253,
          2.4573371e-08,
          0.45805228,
          0,
          0.28010622,
          0.7912322,
          0.54359186,
          0,
          -0.36242568,
          0.6115158,
          -0.7033464,
          0,
          -0.43567583,
          0.17421831,
          -1.5215849,
          1
        ]
      },
      {
        "date" : 740276557.919493,
        "title" : "Untitled",
        "transform" : [
          -0.88892525,
          2.3089704e-08,
          0.45805228,
          0,
          0.28010622,
          0.7912322,
          0.54359186,
          0,
          -0.36242568,
          0.6115159,
          -0.7033464,
          0,
          -0.44953626,
          0.9757929,
          -2.0528464,
          1
        ]
      },
      {
        "date" : 740274991.885986,
        "title" : "Untitled",
        "transform" : [
          -0.88892525,
          2.3089704e-08,
          0.45805228,
          0,
          0.28010622,
          0.7912322,
          0.54359186,
          0,
          -0.36242568,
          0.6115159,
          -0.7033464,
          0,
          -0.40736467,
          0.88425255,
          -1.8602663,
          1
        ]
      }
    ]
  },
  "selectedSceneRelativePath" : "Immersive.usda"
}